h2=0.8834;
he=0.0981;
nh3=0.0185;
T=203;
f=[32.17]';
P=1.974;
quickbg
quickspil
[alphanh3,alphaspilker]*434294.5